IL 1981888818. 1188888118 9898188888.

8888881. 8881818 8188818.

(Mathematische Lehrbficher siehe 111.)
A. 9888 Β981188.

1888818888, Dr. 6881, 99881188 8889181198818888818888 881888 9888 88 3?
9881888888, 938, 8818881898 8881198Ι19188888 8888 989888818188888 888 g ⁴
1188188888. gur 1911888 9888898988 818 98888 8888888888888. [1181886] ξ ⁴
88. 8. 3898188888888898189. · ’ ·

9888818188 1. 8191181188888 1889 98. 5, ὅ. 91.

canor, Dr. Paul, 088181888888 Kgl. Gymnasium zu xiel, 8188 9818881881 ,
in Prima. 818 1188881818 und 818 Aurana. Eine centennarbetnohtung. ἔ J
9888898888 Abdruok 888 8188 9888888188888 der 40. vammmlung
(1881881888 1919818888 und Schulmnnuur. [918] 88. 11. 8811. «bc—Aa ’

188188, Dr. 9888888, 9188988181881188, 8911889811 18 1181881811 88 818 8111118988
288818Ι 8-88 1188118889888 888 1181888188888. [vlu 8 84 6.] 8. 1888

9888888188 1. 9998988888 1890 98. 1, Θ. 88.

«1)111ἔξξ811111ῖὶ maffia offlam? 8111Ιί11 888 9818888188 88811888 8189818818 '

618118 88188 1. 9189818818 888 99881888811188188811 (88811918 6888818).

1188888888, (1881 981188, 0888181888 (8881181 9888881188 88 988888), 8881188 ⁷
11811888. 11118 818 88188881981188 11888888 9811888118988, 181818 198 1981188,
998888888191181188188. 2911888888. 8. 8811. 18 n. 9 180. ²

9188818

1991888188. 9898188888. [1181886] vj
11. - 9818881888888888681188888888.[11818481] 1

9888881881. 9998988888 1889 918. 4, Θ 18.

9888, Dr. 18188, 818 8891188 818 9888881888 81888 81811819198888888818 88811888 5 2
9818881918 18 888 88811888 eme 188818 811 8911818889 8811888188 118888. g j
88811888 1981811988 888 98881118 8811188881 888 1888888811. 981188 teu: 68818 ζ’
818 988118. [91181996] 88. 8. 8811. n. dc 880. i

9188 11. 9811 18181 88889818

998888, Dr. 81881, 981188 889 9888888811888 88 9888888, &mm 888 inm. 5 ³
9188181818 888 118188 8889888819 888 &lethem 8 888 88881888 1181188 1111188181. .
888 1181888188 ΙΙΙ. 188818 88898888198888ἓ8. 9981. 888 8881181188 9811888 888 ’ j
988188888988888891118818 Π. (1911 tinem 9811888.) &stt 8118888 688188 ’1
888 198 9888188 8888889119. [vm 8. 185 a] 8. 3¹¹ 88188888 888. n. 9 ⁸2.- ι

9888888188 1. 9998988888 1899 118. 9, 598.

m 8899881188818881198888 888 Ι18118888981181888 8889888 1181181888 198
88888 11181188 1111118888 9888881898. [XX u. 915 &J 8. 888. 899.- 21'

1118888881881. 9998988888 1899918. 9, 6. 81.

98888888, 981188, 9889. rev. min„ Dr. 199, 9881888889818188988, 0888818188 >
888 8888899888 8918818888. 918 9888888 198 818 6881988 888 888888 9181188 ³

, 1818888 888188. 9. 8. 8. m: 8111888818 198 888 888888111888 818 is ;'

818888818881881 18 888 8811818888 888 888888 9181188 1888888 0188188. .,

1189888989. [1111188881 88. 8. 1888 811 1.- ὲ ἑ1

9888888188 1. 99918988888 1899 98. 4, ὓ. 19. , Α,
9811 1 818188 8111888889 98888811 888 9188118888 88891898888181918 888 .
18188 1881, 989 II: (8888881888888888818181898888111 1888, ³ ’

91188888. 1881898818, 1188181188 888 881188 918981888188888 8881188181. 9 8881188
81888888, 1989898888 188 68898188. 918888, 9818888888 888 geme 88
Ι18888 888 8881188 98888 88881188 18 9118181. 1888881888 ,18 9988888. [118. ,
188 &l 88. 8. 888. u. ,9 9.10; 18 1181888888 888. n. 89 3.- . 1

mm* Q& ’.πε-ῬΕἮΙΠΕἈ”“ ''Q-*m ι’-ιῖηἳ

11

 

