11118818ςί8. 11111181881118. 11. 18111111118111811111. vn. Hosskundo.

1 8111111811, 381.. 0111111118 111811118111181 8118118188.
² 61818 68 811181 Π. 1111818111. 1181111118 8111111181.

J 1118181, 8.,118181881881881118181.
t ³ 81811 6. 9 1111181 11. 1111818811 88811118 6811111181.

.———-

B. Fortsetzungon.

118181111111181 111 1111118111, 1181818111 11111 888111118. 311 0881111811811 ¹
ἐ 1181181811 1111111181 188811818181 88110 8881118111 11111 0. 31118111

mann 1188118181 81118818118811888888111111111181111181111811888 181 2

1181118118 8811811 118181811818181111111111881811111811381111111111,08181
8111 3811111111 10118111 (181 1118181818118 88. &amm 1-11811

Sanum-Sunt 51111181 1218118. gr 8 1181181881811111181111111111111 du. 80.

n& 111111 5811 811 8111181181 118 18181811111181 181 ὅτ 11111181 {3

1 181181111188811111,11118118111181188118181181118118181881111118.

G. 118118 1111111811.

1 3 81111188, 11.111118111118111118111111118. 61818118 11811818.
1 “ 81818 ὃ. 10 1111181 11. 1118818111. 1881111118 8118111181.

-040—

Phflogdphie.

⁵³· 1111118, W.‚ 118 11111111188181118 181 81811181.
818118 M 11111811. philologio 11111.

8811161181, 11.,11811881111181 1181118 1118118111181111.

818118 118 8111181111. 111118181111.

-404—

VI.

181818188811881811.

881 1118118888 8811818118188188118188188818888818818811111 g
.,’ 111 (11811811 181 1111111111. 3188118811 88118118181111118 181 (6111118)
118111.1181618118181311181188(ἒ11111)81181138811111111111118 ξ
1118111818811 11111 881818118111111 881811181811111118 190111
881111811881111181181111111188. [1111118118] 118 18111..119-,
1811811811 111 881111811118111 1818111811 n Ac 10 20.

1181811181οοὶ 1118118118 1881111 1, 6. 6.

—-o-0-·0---

111.
1811111118. .

ἶ 1881888111118181181111118111111818181111811111111188881111

118111181181181111, Prof Pomm, Dr. A. 8111111111 und Prot Hmm ,
1181818138. XXX Β1111. 1. Η8118111ΧΧΧΙ.Β1111. 1-4 Hert 3181

Ρ181111111811Β8111 von 4118118111 11. A( 111. 40.

 

